0 5.033952e-02
1 4.256942e-05
2 9.729533e-03
3 4.265501e-05
4 4.269790e-05
5 4.274086e-05
6 4.278388e-05
7 4.282697e-05
8 4.287012e-05
9 4.291334e-05
10 4.295662e-05
11 4.299997e-05
12 4.304338e-05
13 4.308686e-05
14 3.231254e-03
15 4.317401e-05
16 2.100301e-03
17 4.326143e-05
18 4.330524e-05
19 4.334912e-05
20 4.339306e-05
21 4.343707e-05
22 4.348115e-05
23 4.352529e-05
24 4.356951e-05
25 4.361379e-05
26 4.365813e-05
27 4.370255e-05
28 4.374703e-05
29 4.379158e-05
30 4.383619e-05
31 4.388088e-05
32 4.392564e-05
33 4.057771e-05
34 4.061913e-05
35 4.066062e-05
36 2.113770e-03
37 4.074378e-05
38 3.261893e-03
39 4.082720e-05
40 4.086900e-05
41 4.091087e-05
42 4.095281e-05
43 4.099480e-05
44 4.103687e-05
45 4.107900e-05
46 4.112119e-05
47 4.116345e-05
48 4.120577e-05
49 4.124816e-05
50 4.129061e-05
51 4.133313e-05
52 4.137571e-05
53 4.141836e-05
54 4.146108e-05
55 4.150386e-05
56 4.154671e-05
57 4.158963e-05
58 4.163261e-05
59 4.167566e-05
60 4.171877e-05
61 4.176196e-05
62 4.180521e-05
63 4.184852e-05
64 2.137430e-03
65 4.193536e-05
66 4.197888e-05
67 4.202246e-05
68 4.206612e-05
69 4.210984e-05
70 2.142578e-03
71 4.219749e-05
72 3.310970e-03
73 4.228542e-05
74 4.232948e-05
75 4.237362e-05
76 4.241782e-05
77 4.246209e-05
78 3.319797e-03
79 4.255084e-05
80 4.260117e-03
81 4.263988e-05
82 4.268450e-05
83 4.272919e-05
84 4.277395e-05
85 4.281878e-05
86 2.156441e-03
87 4.290865e-05
88 4.295370e-05
89 4.299881e-05
90 4.304400e-05
91 4.308925e-05
92 4.313458e-05
93 4.317998e-05
94 4.322545e-05
95 4.327100e-05
96 4.331661e-05
97 4.336230e-05
98 4.340806e-05
99 4.345389e-05
100 4.349980e-05
